89
104
110
111
120
138
139
152
159
163
167
168
171
185
207
214
231
236
237
238
238
245
249
252
254
254
261
262
278
283
287
287
287
288
290
292
301
302
302
303
313
313
316
319
319
322
322
322
322
323
324
324
325
325
325
325
325
325
325
325
326
326
326
326
327
328
328
328
328
328
328
328
328
328
328
328
328
328
328
328
328
329
330
330
330
331
331
331
331
331
331
331
331
331
331
331
331
331
331
331
331
331
331
331
331
331
331
331
331
332
332
332
333
333
334
334
334
334
334
334
334
334
334
334
334
334
334
334
334
334
334
334
334
334
334
334
334
334
334
334
334
334
334
334
335
335
335
335
336
336
336
336
336
337
337
337
337
337
337
337
337
337
337
337
337
337
337
337
337
337
337
337
337
337
337
337
337
337
337
337
337
337
337
337
337
337
338
338
338
338
339
339
339
339
339
339
339
339
339
339
340
340
340
340
340
340
340
340
340
340
340
340
340
340
340
340
340
340
340
340
340
340
340
340
340
340
340
340
340
340
340
340
340
340
340
340
340
340
340
340
340
340
340
340
340
340
340
340
341
341
341
341
341
341
342
342
342
342
342
343
343
343
343
343
343
343
343
343
343
343
343
343
343
343
343
343
343
343
343
343
343
343
343
343
343
344
344
345
345
346
346
346
346
346
346
346
346
346
346
346
346
346
346
346
346
347
347
347
347
347
347
347
347
348
349
349
352
352
352
353
355
356
